Size:
35 35
Value:
8
11
14
16
18
20
4 9
6 9 1
12 9 2
13 9 2
7 3 13
7 3 12
6 2 11
6 2 11
5 2 3 11
4 3 2 11
8 4 2 10
8 8 10
11 7 9
11 7 9
3 4 6 9
2 4 6 9
2 2 5 9
1 2 5 8
1 13
11
6 4
6 4
9
7
6
4
4
3
3
9
10
13
15
19
21
23
25
21 3
29
32
10 11
9 12
8 15
7 15
7 4 8
6 3 7
6 3 7
6 3 7
6 2 6
6 2 4
6 2
6 2
5 4
10 7
10 6
10 6
10 6
13
12
9
7
5
7
6

Улитка
Size:
20 20
Values:
1 5
2 4
8
9
4 5
3 3
10
11
3 7 2
2 6 5
1 7 6
1 6 7
8 6 2
7 6 4
7 6 5
6 6 4 1
1 3 6 4 2
1 3 5 7
1 11 3
2 6
3
2 2
4 1
7
2 6
4 4
1 1 7 2
1 1 8 2
1 1 8 2
1 1 13
1 1 3 9
1 1 5 7
3 8 5
3 10 4
3 11 1
2 14
3 2 11
7 9
9 4
19


Человек
Size:
9 12
Values:
1 3
3 1
1 1 1
5 3
9
7 3
1 1
2 1
3
3
4
1 3
1 1
9
3 1
3 1
3
5
1 1
2 3
1

Корабль
Size:
20 15
Values:
3
2 1 1
2 1 1
3 1 6
2 1 1 1
1 1 1 1
1 1 1
1 1 4
1 1 1 1
1 1 1 1 3
1 1 1 1 1
1 1 1 1 4
1 1 1 1 2
1 1 3 1 3
1 1 1 1 2
1 1 4 2
1 1 1 2
2 1 3 1
2 1 1 2
3 3
1 2 5
1 7 2
1 1 1 1 1 2 1
3 1 1
1 8
5 1 1
1 3 1 1 1 1 2
1 1 1 1 1 1
1 12
1 1
1 1
17
1 1
2 1
14

Зонтик:
Size:
9 9
Values:
2
2
2 4
1 3
9
3
4
2
2
1
5
7
9
1 1 1 1 1
1
1
1 1
3

Кружка
Size:
18 22
Value:
17
2 2 1 1 4
2 1 4 3
2 3 1 1 1 1
2 2 3 2
2 2 2 1 3 1
2 2 4 3 2
2 2 4 3 1
2 2 3 2
3 3 1
3 1 1 1 1 1 3 2
4 1 1 1 1 1 1 1 2
5 1 1 1 2 1 1 2
6 6 2 2
4 2 1 1 5
3 1 3 1
1 2 2
7
10
2 1 1 1 3
3 2
2 7 2
2 10 1
1 7 2
1 4
2 1 3
1 2 1 1 2 2
1 1 1 3 1 3 1
1 1 5 1 1 1 1
3 3 1 2 1 1
1 1 1 1 1 1 1
2 1 3 1
2 1 1 1 1 1 2
1 2 1 1 1 1 3
1 1 1 1 2
1 1 2
2 4
3 7
15
12